815
734
105
955
512
597
723
429
288
312
801
700
714
339
592
154
121
114
384
934
50
606
838
153
744
448
653
585
859
488
636
25
387
923
330
132
717
753
917
551
331
873
128
250
975
69
555
171
441
676
12
264
360
600
741
365
337
136
492
901
75
290
350
879
220
663
984
305
590
110
303
772
668
80
561
870
745
877
212
273
965
620
182
23
684
433
302
346
192
60
763
511
255
661
73
104
578
814
283
520
422
731
960
634
449
287
624
680
545
180
631
277
951
230
453
263
954
59
184
754
519
939
108
327
485
810
289
708
317
138
195
87
333
821
322
455
825
398
45
354
528
969
617
473
956
847
724
175
990
800
542
309
743
211
894
652
372
679
795
166
972
988
223
74
506
532
328
832
472
841
868
109
251
469
550
995
699
543
178
610
3
295
276
279
798
417
703
78
824
300
470
194
633
588
869
959
675
458
529
797
999
589
834
378
307
979
0
15
239
274
691
483
603
89
206
534
70
5
475
556
133
141
778
690
261
576
57
229
93
157
310
591
662
252
369
299
922
482
505
222
665
367
541
179
549
618
816
660
756
500
51
79
183
137
94
338
213
155
400
151
932
164
238
297
29
998
837
258
314
629
522
281
647
809
90
740
167
991
42
602
804
294
864
774
677
961
630
905
929
952
698
286
779
761
596
828
874
605
672
792
970
638
169
196
598
174
451
217
428
325
67
725
899
526
259
499
399
586
851
794
968
97
523
759
342
142
43
695
593
177
357
889
478
535
920
413
26
134
683
61
554
696
587
41
22
262
564
424
843
205
552
115
826
241
906
822
609
524
215
978
454
467
908
437
788
537
49
237
324
945
336
18
513
348
53
644
705
363
861
147
926
9
63
156
386
946
77
540
595
17
120
146
626
111
126
910
379
544
355
55
752
408
706
849
374
85
33
681
301
601
719
462
890
643
44
913
842
102
829
118
574
966
139
403
835
536
236
117
6
623
39
986
266
548
119
228
933
16
891
973
666
903
125
385
721
371
486
214
799
445
773
898
190
447
416
24
246
625
670
359
197
82
91
409
165
323
2
430
911
265
963
340
907
967
267
983
209
985
491
8
345
436
604
442
940
974
36
256
452
768
402
249
394
101
431
924
10
407
280
749
457
411
727
943
127
344
688
766
857
747
525
487
935
313
434
392
268
72
181
335
640
806
438
539
579
200
860
880
582
150
46
30
419
884
897
257
642
435
270
645
577
993
240
818
375
594
361
937
538
558
575
224
143
881
412
862
728
559
611
421
326
925
170
518
866
308
807
667
31
707
498
504
187
144
802
381
37
612
84
729
502
748
530
776
233
425
948
865
461
159
639
11
293
160
332
484
791
726
28
112
284
368
227
444
732
7
949
678
781
201
356
450
517
198
231
686
83
210
456
622
831
68
116
533
490
474
358
366
566
521
186
637
54
942
882
716
495
397
414
733
65
919
38
994
546
722
426
292
674
770
613
885
608
628
848
439
48
871
306
565
315
856
304
941
921
364
176
823
66
875
771
715
989
813
19
583
689
858
373
863
427
95
56
893
98
320
247
765
658
225
353
902
173
704
950
964
508
928
659
693
